steer_weights:
  speed_ms: 0.386902391910553
  lateral_offset_m: -0.16009770333766937
  vertical_offset_m: -0.7722358107566833
  yaw_error_rad: -0.8824317455291748
  pitch_rad: -0.10495159775018692
  roll_rad: 0.059511344879865646
  track_progress: 0.12723638117313385
  turning_rate: 0.6199544668197632
  wheel_0_contact: -0.15350304543972015
  wheel_1_contact: -0.2389857918024063
  wheel_2_contact: -0.0012368044117465615
  wheel_3_contact: -0.45179152488708496
  angular_vel_x: 0.517947256565094
  angular_vel_y: -0.12690891325473785
  angular_vel_z: -0.1398739069700241
  lookahead_10_lat: 0.8134479522705078
  lookahead_10_yaw: -0.0832337886095047
  lookahead_25_lat: 0.4203338921070099
  lookahead_25_yaw: -0.5960389971733093
  lookahead_50_lat: -0.1677495241165161
  lookahead_50_yaw: -0.5563894510269165
  lidar_0: 0.30565503239631653
  lidar_1: -0.19015507400035858
  lidar_2: 0.20698636770248413
  lidar_3: -0.20210686326026917
  lidar_4: -0.11014145612716675
  lidar_5: -0.4941757917404175
  lidar_6: 0.349834144115448
  lidar_7: 0.5137477517127991
accel_weights:
  speed_ms: 0.42463454604148865
  lateral_offset_m: 0.4062490463256836
  vertical_offset_m: -0.5369908809661865
  yaw_error_rad: -0.5643167495727539
  pitch_rad: 0.10242293030023575
  roll_rad: 0.06106642633676529
  track_progress: -0.20501625537872314
  turning_rate: -0.02927337773144245
  wheel_0_contact: 0.47224724292755127
  wheel_1_contact: 0.7008992433547974
  wheel_2_contact: 0.3310510516166687
  wheel_3_contact: -0.20026984810829163
  angular_vel_x: 0.30064964294433594
  angular_vel_y: 0.511131763458252
  angular_vel_z: -0.1574322134256363
  lookahead_10_lat: 0.45907747745513916
  lookahead_10_yaw: -0.03519639000296593
  lookahead_25_lat: 0.4348163902759552
  lookahead_25_yaw: 0.12867766618728638
  lookahead_50_lat: -0.6423100233078003
  lookahead_50_yaw: -0.2188674509525299
  lidar_0: 0.4152011275291443
  lidar_1: -0.434402197599411
  lidar_2: 0.15739575028419495
  lidar_3: -0.08735129237174988
  lidar_4: 0.022251317277550697
  lidar_5: 0.2879999876022339
  lidar_6: -0.006645993795245886
  lidar_7: 0.057205408811569214
brake_weights:
  speed_ms: -0.816872775554657
  lateral_offset_m: -0.10732357203960419
  vertical_offset_m: -0.6365185976028442
  yaw_error_rad: 0.2092483937740326
  pitch_rad: -0.15494373440742493
  roll_rad: -0.18475310504436493
  track_progress: -0.024193115532398224
  turning_rate: 0.027684921398758888
  wheel_0_contact: -0.31809908151626587
  wheel_1_contact: 0.28796085715293884
  wheel_2_contact: 0.024753976613283157
  wheel_3_contact: 0.9753497242927551
  angular_vel_x: 0.02035926654934883
  angular_vel_y: -0.476546972990036
  angular_vel_z: 0.20642979443073273
  lookahead_10_lat: 0.02460610121488571
  lookahead_10_yaw: 0.5569310784339905
  lookahead_25_lat: -0.060668665915727615
  lookahead_25_yaw: -0.43918168544769287
  lookahead_50_lat: -0.6884974837303162
  lookahead_50_yaw: -0.352335661649704
  lidar_0: 0.412225604057312
  lidar_1: -0.07574334740638733
  lidar_2: -0.4924395680427551
  lidar_3: 0.11024658381938934
  lidar_4: -0.3285723328590393
  lidar_5: -0.17087581753730774
  lidar_6: -0.31133177876472473
  lidar_7: -0.3278180658817291
