steer_weights:
  speed_ms: -1.1575078964233398
  lateral_offset_m: 1.094673752784729
  vertical_offset_m: 0.04340437054634094
  yaw_error_rad: -0.7469860315322876
  pitch_rad: 0.21682152152061462
  roll_rad: 1.1029125452041626
  track_progress: -0.3195999562740326
  turning_rate: -0.1823737621307373
  wheel_0_contact: 1.1695435047149658
  wheel_1_contact: -1.1859657764434814
  wheel_2_contact: 1.124489665031433
  wheel_3_contact: 0.28604939579963684
  angular_vel_x: -0.7136778235435486
  angular_vel_y: -1.8681501150131226
  angular_vel_z: 2.0526256561279297
  lookahead_10_lat: -0.08329108357429504
  lookahead_10_yaw: -0.3307417333126068
  lookahead_25_lat: -2.5125515460968018
  lookahead_25_yaw: 0.4684288501739502
  lookahead_50_lat: -0.16800706088542938
  lookahead_50_yaw: -0.63055419921875
accel_weights:
  speed_ms: -0.061304643750190735
  lateral_offset_m: 2.0033650398254395
  vertical_offset_m: 0.18653005361557007
  yaw_error_rad: -1.6349645853042603
  pitch_rad: 0.023647719994187355
  roll_rad: 1.2732017040252686
  track_progress: -1.4595988988876343
  turning_rate: 0.3818243443965912
  wheel_0_contact: 0.7183166742324829
  wheel_1_contact: -0.3572586476802826
  wheel_2_contact: 0.05333281680941582
  wheel_3_contact: -0.021402008831501007
  angular_vel_x: -0.35600173473358154
  angular_vel_y: 0.16925367712974548
  angular_vel_z: -0.2681877911090851
  lookahead_10_lat: -0.4422689974308014
  lookahead_10_yaw: 0.7541610598564148
  lookahead_25_lat: 1.2275007963180542
  lookahead_25_yaw: -0.6441783905029297
  lookahead_50_lat: 1.4083918333053589
  lookahead_50_yaw: -0.5304390788078308
brake_weights:
  speed_ms: 1.8486636877059937
  lateral_offset_m: -1.1568845510482788
  vertical_offset_m: 0.6222174167633057
  yaw_error_rad: -0.4227340519428253
  pitch_rad: -0.9903481602668762
  roll_rad: 0.5616194605827332
  track_progress: 2.437588930130005
  turning_rate: -0.0634675994515419
  wheel_0_contact: 0.1719585508108139
  wheel_1_contact: -0.186513289809227
  wheel_2_contact: -0.800697922706604
  wheel_3_contact: 0.0585847944021225
  angular_vel_x: -1.5059783458709717
  angular_vel_y: 0.4848020672798157
  angular_vel_z: -0.6794236302375793
  lookahead_10_lat: -0.07900796830654144
  lookahead_10_yaw: 0.14069780707359314
  lookahead_25_lat: -0.9938580393791199
  lookahead_25_yaw: -0.5097156763076782
  lookahead_50_lat: -0.8911033868789673
  lookahead_50_yaw: 0.41106125712394714
