steer_weights:
  speed_ms: 0.10221894085407257
  lateral_offset_m: -0.0002555094542913139
  vertical_offset_m: 0.10862378776073456
  yaw_error_rad: 0.13575555384159088
  pitch_rad: 0.15887397527694702
  roll_rad: -0.25768348574638367
  track_progress: 0.038659244775772095
  turning_rate: 0.30222082138061523
  wheel_0_contact: -0.0706709772348404
  wheel_1_contact: 0.1097414642572403
  wheel_2_contact: -0.13174210488796234
  wheel_3_contact: -0.09377945214509964
  angular_vel_x: -0.19028301537036896
  angular_vel_y: 0.18488113582134247
  angular_vel_z: -0.0041094571352005005
  lookahead_10_lat: 0.0007971275481395423
  lookahead_10_yaw: 0.06886477768421173
  lookahead_25_lat: -0.04134193807840347
  lookahead_25_yaw: 0.1592266857624054
  lookahead_50_lat: 0.022010408341884613
  lookahead_50_yaw: 0.08601321280002594
  lidar_0: -0.1511319875717163
  lidar_1: -0.19698509573936462
  lidar_2: 0.4011887311935425
  lidar_3: -0.03951382637023926
  lidar_4: 0.14805211126804352
  lidar_5: -0.01718973182141781
  lidar_6: 0.14364753663539886
  lidar_7: 0.04128338769078255
accel_weights:
  speed_ms: -0.02342676743865013
  lateral_offset_m: -0.154917374253273
  vertical_offset_m: -0.11145156621932983
  yaw_error_rad: 0.1762719303369522
  pitch_rad: 0.02806624211370945
  roll_rad: 0.026668796315789223
  track_progress: 0.16774475574493408
  turning_rate: 0.13693347573280334
  wheel_0_contact: 0.18476691842079163
  wheel_1_contact: 0.19460809230804443
  wheel_2_contact: 0.19577190279960632
  wheel_3_contact: -0.020596280694007874
  angular_vel_x: -0.19509544968605042
  angular_vel_y: -0.08766816556453705
  angular_vel_z: 0.1504434496164322
  lookahead_10_lat: -0.10876602679491043
  lookahead_10_yaw: -0.2182164341211319
  lookahead_25_lat: 0.13421036303043365
  lookahead_25_yaw: -0.046036247164011
  lookahead_50_lat: -0.06546211242675781
  lookahead_50_yaw: -0.31722620129585266
  lidar_0: 0.09963438659906387
  lidar_1: 0.0013406196376308799
  lidar_2: -0.011204197071492672
  lidar_3: 0.3166569173336029
  lidar_4: -0.028103051707148552
  lidar_5: 0.005120392423123121
  lidar_6: 0.048107314854860306
  lidar_7: -0.1816418170928955
brake_weights:
  speed_ms: 0.1774492859840393
  lateral_offset_m: 0.15349602699279785
  vertical_offset_m: 0.06084015220403671
  yaw_error_rad: 0.04830127954483032
  pitch_rad: 0.006744907703250647
  roll_rad: 0.17893436551094055
  track_progress: 0.04167090728878975
  turning_rate: 0.023612691089510918
  wheel_0_contact: 0.07878905534744263
  wheel_1_contact: 0.16654065251350403
  wheel_2_contact: -0.0781240314245224
  wheel_3_contact: 0.02002868987619877
  angular_vel_x: -0.09530352801084518
  angular_vel_y: -0.16752667725086212
  angular_vel_z: -0.2572147846221924
  lookahead_10_lat: -0.2499580979347229
  lookahead_10_yaw: 0.18249866366386414
  lookahead_25_lat: 0.01530945673584938
  lookahead_25_yaw: 0.21671214699745178
  lookahead_50_lat: 0.04346952587366104
  lookahead_50_yaw: 0.03577809780836105
  lidar_0: -0.006117585580796003
  lidar_1: -0.10944081097841263
  lidar_2: 0.0080373240634799
  lidar_3: 0.1643286794424057
  lidar_4: 0.30046266317367554
  lidar_5: -0.14926981925964355
  lidar_6: 0.14566157758235931
  lidar_7: -0.0648273378610611
