steer_weights:
  speed_ms: 0.07856632769107819
  lateral_offset_m: -0.12073525786399841
  vertical_offset_m: -0.006123880390077829
  yaw_error_rad: 0.3565492033958435
  pitch_rad: 0.14020322263240814
  roll_rad: -0.20562517642974854
  track_progress: -0.3252580761909485
  turning_rate: -0.11383797228336334
  wheel_0_contact: 0.1223418340086937
  wheel_1_contact: 0.1514810472726822
  wheel_2_contact: 0.1866307407617569
  wheel_3_contact: 0.2724432647228241
  angular_vel_x: -0.2961396872997284
  angular_vel_y: -0.5124037265777588
  angular_vel_z: 0.03983883187174797
  lookahead_10_lat: 0.4759763181209564
  lookahead_10_yaw: -0.27570730447769165
  lookahead_25_lat: 0.3301525115966797
  lookahead_25_yaw: 0.06727419793605804
  lookahead_50_lat: -0.060684412717819214
  lookahead_50_yaw: -0.419849157333374
  lidar_0: -0.23377995193004608
  lidar_1: 0.6576098799705505
  lidar_2: 0.17443695664405823
  lidar_3: -0.013713701628148556
  lidar_4: 0.04904937371611595
  lidar_5: 0.15113049745559692
  lidar_6: 0.04071430116891861
  lidar_7: 0.2037135511636734
accel_weights:
  speed_ms: 0.015916723757982254
  lateral_offset_m: 0.5266304016113281
  vertical_offset_m: 0.09642377495765686
  yaw_error_rad: 0.27597883343696594
  pitch_rad: -0.01270868256688118
  roll_rad: -0.03277081623673439
  track_progress: -0.5266671180725098
  turning_rate: -0.23082979023456573
  wheel_0_contact: 0.046751827001571655
  wheel_1_contact: -0.15631639957427979
  wheel_2_contact: -0.08136265724897385
  wheel_3_contact: 0.3381718397140503
  angular_vel_x: -0.07119152694940567
  angular_vel_y: -0.07650689780712128
  angular_vel_z: -0.08200128376483917
  lookahead_10_lat: -0.23909617960453033
  lookahead_10_yaw: 0.33695006370544434
  lookahead_25_lat: -0.40399259328842163
  lookahead_25_yaw: -0.0740128606557846
  lookahead_50_lat: -0.12670181691646576
  lookahead_50_yaw: -0.31139329075813293
  lidar_0: 0.0960964486002922
  lidar_1: 0.26575711369514465
  lidar_2: -0.14921090006828308
  lidar_3: -0.10427218675613403
  lidar_4: 0.17835615575313568
  lidar_5: -0.006796042434871197
  lidar_6: 0.18083858489990234
  lidar_7: -0.18495188653469086
brake_weights:
  speed_ms: -0.35999953746795654
  lateral_offset_m: 0.1645599752664566
  vertical_offset_m: 0.31544414162635803
  yaw_error_rad: -0.06540969759225845
  pitch_rad: -0.36265939474105835
  roll_rad: -0.24882031977176666
  track_progress: 0.05321388691663742
  turning_rate: -0.11714918166399002
  wheel_0_contact: -0.31699326634407043
  wheel_1_contact: 0.16080895066261292
  wheel_2_contact: -0.07560165226459503
  wheel_3_contact: -0.06430944055318832
  angular_vel_x: 0.11620006710290909
  angular_vel_y: -0.14892174303531647
  angular_vel_z: -0.20043204724788666
  lookahead_10_lat: -0.0567772276699543
  lookahead_10_yaw: 0.15356217324733734
  lookahead_25_lat: -0.0775652751326561
  lookahead_25_yaw: -0.15566910803318024
  lookahead_50_lat: -0.17568199336528778
  lookahead_50_yaw: 0.08575055748224258
  lidar_0: 0.18936064839363098
  lidar_1: -0.08390866965055466
  lidar_2: -0.0700686052441597
  lidar_3: -0.1331811398267746
  lidar_4: 0.44480639696121216
  lidar_5: 0.1974141150712967
  lidar_6: -0.24565011262893677
  lidar_7: 0.202321857213974
