steer_weights:
  speed_ms: 0.6723536849021912
  lateral_offset_m: -0.23318691551685333
  vertical_offset_m: 0.30439525842666626
  yaw_error_rad: 0.8085664510726929
  pitch_rad: -0.32159096002578735
  roll_rad: -0.2470654547214508
  track_progress: 0.6744330525398254
  turning_rate: 0.06616243720054626
  wheel_0_contact: -0.4886171519756317
  wheel_1_contact: -0.011522005312144756
  wheel_2_contact: -0.08372370153665543
  wheel_3_contact: 0.9074915051460266
  angular_vel_x: -0.42366260290145874
  angular_vel_y: 0.570131778717041
  angular_vel_z: -0.8503226041793823
  lookahead_10_lat: -0.1341099739074707
  lookahead_10_yaw: -0.010689156129956245
  lookahead_25_lat: -0.01905037648975849
  lookahead_25_yaw: -0.7312726378440857
  lookahead_50_lat: 0.08175525814294815
  lookahead_50_yaw: -0.11016400158405304
  lidar_0: -0.5685269236564636
  lidar_1: 0.3412380814552307
  lidar_2: 0.6963984370231628
  lidar_3: 0.7348005771636963
  lidar_4: 0.2951680123806
  lidar_5: 0.3946899473667145
  lidar_6: 0.9055684804916382
  lidar_7: 1.0740104913711548
accel_weights:
  speed_ms: -0.3028606176376343
  lateral_offset_m: 0.080096535384655
  vertical_offset_m: 0.03504624590277672
  yaw_error_rad: 0.415796160697937
  pitch_rad: -0.5383731722831726
  roll_rad: -0.1337594985961914
  track_progress: -0.7634900212287903
  turning_rate: 0.12299009412527084
  wheel_0_contact: -0.12639908492565155
  wheel_1_contact: 0.385099858045578
  wheel_2_contact: -0.11550656706094742
  wheel_3_contact: -0.108396977186203
  angular_vel_x: 0.20447540283203125
  angular_vel_y: 0.11576640605926514
  angular_vel_z: -0.5945963859558105
  lookahead_10_lat: 0.5336466431617737
  lookahead_10_yaw: -0.34434977173805237
  lookahead_25_lat: 0.12650270760059357
  lookahead_25_yaw: 0.5141329169273376
  lookahead_50_lat: -0.720142662525177
  lookahead_50_yaw: -0.656279981136322
  lidar_0: -0.6762858629226685
  lidar_1: -0.2780306041240692
  lidar_2: -0.9328926205635071
  lidar_3: -0.7837920188903809
  lidar_4: -1.3122106790542603
  lidar_5: -0.5555586218833923
  lidar_6: 0.1178765669465065
  lidar_7: 0.5996041297912598
brake_weights:
  speed_ms: 1.247108817100525
  lateral_offset_m: 1.0102218389511108
  vertical_offset_m: 1.0969740152359009
  yaw_error_rad: -0.4172256290912628
  pitch_rad: 0.02285478077828884
  roll_rad: 0.6173720359802246
  track_progress: 0.2701963186264038
  turning_rate: 0.6107727289199829
  wheel_0_contact: 0.15973031520843506
  wheel_1_contact: -0.6611741185188293
  wheel_2_contact: 0.3944251537322998
  wheel_3_contact: -0.1679949015378952
  angular_vel_x: 0.8310043811798096
  angular_vel_y: -0.6098464727401733
  angular_vel_z: -0.43713685870170593
  lookahead_10_lat: -0.42459720373153687
  lookahead_10_yaw: 0.0022706566378474236
  lookahead_25_lat: -0.7930830717086792
  lookahead_25_yaw: 0.3006935119628906
  lookahead_50_lat: -0.4539452791213989
  lookahead_50_yaw: 0.2757784128189087
  lidar_0: 1.4095609188079834
  lidar_1: -0.04997507482767105
  lidar_2: 0.11227291077375412
  lidar_3: 0.2642732262611389
  lidar_4: 0.0794258639216423
  lidar_5: -1.198551058769226
  lidar_6: 1.3249809741973877
  lidar_7: -0.2942231297492981
