steer_weights:
  speed_ms: 0.30315011739730835
  lateral_offset_m: -0.9475113749504089
  vertical_offset_m: 0.6446342468261719
  yaw_error_rad: 0.24570024013519287
  pitch_rad: -0.08515884727239609
  roll_rad: -0.5727675557136536
  track_progress: 0.35404449701309204
  turning_rate: -0.016204174607992172
  wheel_0_contact: -0.23557047545909882
  wheel_1_contact: 0.18183517456054688
  wheel_2_contact: 0.4013383984565735
  wheel_3_contact: 0.3863389492034912
  angular_vel_x: -0.2208164781332016
  angular_vel_y: 0.3826512098312378
  angular_vel_z: 0.4119828939437866
  lookahead_10_lat: -0.4452851116657257
  lookahead_10_yaw: 0.2955244779586792
  lookahead_25_lat: 0.5116207599639893
  lookahead_25_yaw: -0.04997025057673454
  lookahead_50_lat: 0.40530726313591003
  lookahead_50_yaw: -1.5941742658615112
  lidar_0: -0.3042880594730377
  lidar_1: -0.17174653708934784
  lidar_2: 0.22897405922412872
  lidar_3: -0.34734460711479187
  lidar_4: -0.008721870370209217
  lidar_5: -0.04090675339102745
  lidar_6: -0.36730414628982544
  lidar_7: -0.09847871214151382
accel_weights:
  speed_ms: 0.08063837885856628
  lateral_offset_m: 0.252512663602829
  vertical_offset_m: -0.7535001039505005
  yaw_error_rad: 0.37935659289360046
  pitch_rad: -0.8482639789581299
  roll_rad: -0.4481353461742401
  track_progress: -0.6421833634376526
  turning_rate: -0.04893910512328148
  wheel_0_contact: 0.06390337646007538
  wheel_1_contact: 0.328962117433548
  wheel_2_contact: 0.5261222124099731
  wheel_3_contact: -0.2115500420331955
  angular_vel_x: -0.002574334153905511
  angular_vel_y: 0.3377245366573334
  angular_vel_z: 0.4270325005054474
  lookahead_10_lat: 0.7300374507904053
  lookahead_10_yaw: -0.12232426553964615
  lookahead_25_lat: -0.43590864539146423
  lookahead_25_yaw: 0.5656871199607849
  lookahead_50_lat: -1.0431416034698486
  lookahead_50_yaw: 0.3494730591773987
  lidar_0: 0.6075704097747803
  lidar_1: 0.4067474901676178
  lidar_2: -0.12124127894639969
  lidar_3: 0.5267612934112549
  lidar_4: 0.09557542949914932
  lidar_5: -0.28560933470726013
  lidar_6: -0.21605761349201202
  lidar_7: 0.03316963464021683
brake_weights:
  speed_ms: -0.013863085769116879
  lateral_offset_m: 0.43189099431037903
  vertical_offset_m: 0.16293494403362274
  yaw_error_rad: -0.6997634172439575
  pitch_rad: 0.11118748039007187
  roll_rad: -0.327047199010849
  track_progress: 0.5773966908454895
  turning_rate: -0.1788935363292694
  wheel_0_contact: 0.14924083650112152
  wheel_1_contact: -0.49950987100601196
  wheel_2_contact: 0.5430817604064941
  wheel_3_contact: 0.191509410738945
  angular_vel_x: 0.1099950522184372
  angular_vel_y: 0.172901451587677
  angular_vel_z: -0.07424745708703995
  lookahead_10_lat: -0.6192926168441772
  lookahead_10_yaw: -0.18662771582603455
  lookahead_25_lat: -0.29232969880104065
  lookahead_25_yaw: 0.21181172132492065
  lookahead_50_lat: -0.9595949053764343
  lookahead_50_yaw: 0.46698498725891113
  lidar_0: 0.05713527277112007
  lidar_1: 0.29888448119163513
  lidar_2: 0.33982715010643005
  lidar_3: 0.18181577324867249
  lidar_4: 0.3895024359226227
  lidar_5: -0.5595470070838928
  lidar_6: 0.004885017406195402
  lidar_7: 0.2649552524089813
