steer_weights:
  speed_ms: 1.3907310962677002
  lateral_offset_m: -0.44592857360839844
  vertical_offset_m: 1.1410611867904663
  yaw_error_rad: -0.5328200459480286
  pitch_rad: 0.3767508864402771
  roll_rad: 0.8097115755081177
  track_progress: 1.9866961240768433
  turning_rate: -1.3206124305725098
  wheel_0_contact: -0.38216733932495117
  wheel_1_contact: -0.15007494390010834
  wheel_2_contact: 0.6083510518074036
  wheel_3_contact: -0.6383960247039795
  angular_vel_x: 0.055534619837999344
  angular_vel_y: -1.643202543258667
  angular_vel_z: -1.0409553050994873
  lookahead_10_lat: 0.8752495646476746
  lookahead_10_yaw: -0.13718682527542114
  lookahead_25_lat: -0.6667539477348328
  lookahead_25_yaw: -0.7621051073074341
  lookahead_50_lat: 0.6186290979385376
  lookahead_50_yaw: 1.9058456420898438
  lidar_0: 0.01359037309885025
  lidar_1: 1.3859494924545288
  lidar_2: -0.18374942243099213
  lidar_3: 0.624860942363739
  lidar_4: -0.061444081366062164
  lidar_5: -0.09078674763441086
  lidar_6: -0.8620666861534119
  lidar_7: -0.08060714602470398
accel_weights:
  speed_ms: 0.48686304688453674
  lateral_offset_m: -0.5435065031051636
  vertical_offset_m: -1.7976770401000977
  yaw_error_rad: 1.146747350692749
  pitch_rad: 0.4770372807979584
  roll_rad: 0.6464314460754395
  track_progress: -1.4882574081420898
  turning_rate: -0.5703645348548889
  wheel_0_contact: -0.5539872050285339
  wheel_1_contact: -0.634203314781189
  wheel_2_contact: -0.6630116105079651
  wheel_3_contact: -1.665366768836975
  angular_vel_x: 0.09679977595806122
  angular_vel_y: 0.4811975061893463
  angular_vel_z: 1.2232834100723267
  lookahead_10_lat: -1.7586162090301514
  lookahead_10_yaw: -0.46817901730537415
  lookahead_25_lat: -0.6734497547149658
  lookahead_25_yaw: -0.19319456815719604
  lookahead_50_lat: -0.15507951378822327
  lookahead_50_yaw: 0.16145165264606476
  lidar_0: 1.3397775888442993
  lidar_1: -0.056975074112415314
  lidar_2: 0.028873387724161148
  lidar_3: -1.5173224210739136
  lidar_4: 0.6369079351425171
  lidar_5: -0.19563712179660797
  lidar_6: 0.24268567562103271
  lidar_7: 1.059994101524353
brake_weights:
  speed_ms: -1.397374153137207
  lateral_offset_m: -0.12978649139404297
  vertical_offset_m: -0.4780038297176361
  yaw_error_rad: -1.0822080373764038
  pitch_rad: 1.470137119293213
  roll_rad: 0.4188297986984253
  track_progress: 1.7793493270874023
  turning_rate: 0.15616638958454132
  wheel_0_contact: -0.0447482205927372
  wheel_1_contact: 0.3433321416378021
  wheel_2_contact: -0.6916986703872681
  wheel_3_contact: -1.3313910961151123
  angular_vel_x: -0.03389519825577736
  angular_vel_y: -0.20807760953903198
  angular_vel_z: 0.6625619530677795
  lookahead_10_lat: -0.881203830242157
  lookahead_10_yaw: -0.3765185475349426
  lookahead_25_lat: 1.166030764579773
  lookahead_25_yaw: 0.6438602209091187
  lookahead_50_lat: -0.8474177718162537
  lookahead_50_yaw: -0.04128947854042053
  lidar_0: 0.3102433979511261
  lidar_1: -2.1522910594940186
  lidar_2: 0.8926282525062561
  lidar_3: -0.987369954586029
  lidar_4: 0.7909939885139465
  lidar_5: -0.856536328792572
  lidar_6: -0.7991432547569275
  lidar_7: -0.7470749616622925
