steer_weights:
  speed_ms: 0.1476420760154724
  lateral_offset_m: 0.14996421337127686
  vertical_offset_m: -0.012153142131865025
  yaw_error_rad: -0.11736181378364563
  pitch_rad: -0.018917111679911613
  roll_rad: -0.12550213932991028
  track_progress: 0.009153301827609539
  turning_rate: -0.11485075950622559
  wheel_0_contact: -0.03862331807613373
  wheel_1_contact: 0.11455443501472473
  wheel_2_contact: -0.052493494004011154
  wheel_3_contact: -0.06651399284601212
  angular_vel_x: -0.16150718927383423
  angular_vel_y: 0.07628994435071945
  angular_vel_z: 0.10273464769124985
  lookahead_10_lat: -0.1259630173444748
  lookahead_10_yaw: -0.13147442042827606
  lookahead_25_lat: -0.12672477960586548
  lookahead_25_yaw: -0.1466766595840454
  lookahead_50_lat: -0.017930911853909492
  lookahead_50_yaw: 0.008733711205422878
  lidar_0: -0.12472407519817352
  lidar_1: 0.1040174588561058
  lidar_2: 0.03409285470843315
  lidar_3: -0.1573353111743927
  lidar_4: 0.048796266317367554
  lidar_5: -0.011741956695914268
  lidar_6: 0.14687183499336243
  lidar_7: -0.15800875425338745
accel_weights:
  speed_ms: -0.02920372039079666
  lateral_offset_m: 0.10171030461788177
  vertical_offset_m: 0.11509985476732254
  yaw_error_rad: -0.04849589616060257
  pitch_rad: -0.07800089567899704
  roll_rad: 0.10189919918775558
  track_progress: 0.16035470366477966
  turning_rate: -0.047514550387859344
  wheel_0_contact: 0.02314106747508049
  wheel_1_contact: -0.06863957643508911
  wheel_2_contact: -0.0962907075881958
  wheel_3_contact: 0.05794981122016907
  angular_vel_x: 0.0570506788790226
  angular_vel_y: -0.22997532784938812
  angular_vel_z: 0.022875210270285606
  lookahead_10_lat: -0.06824858486652374
  lookahead_10_yaw: -0.03275493532419205
  lookahead_25_lat: -0.08752508461475372
  lookahead_25_yaw: -0.040965285152196884
  lookahead_50_lat: -0.04154464602470398
  lookahead_50_yaw: 0.06968384981155396
  lidar_0: -0.1496056467294693
  lidar_1: -0.1140076071023941
  lidar_2: 0.0986517071723938
  lidar_3: -0.13109511137008667
  lidar_4: 0.11111820489168167
  lidar_5: -0.17958809435367584
  lidar_6: -0.12329503148794174
  lidar_7: 0.0038610079791396856
brake_weights:
  speed_ms: -0.10810129344463348
  lateral_offset_m: -0.25467589497566223
  vertical_offset_m: 0.020883066579699516
  yaw_error_rad: 0.0019467362435534596
  pitch_rad: 0.015586738474667072
  roll_rad: -0.03145000711083412
  track_progress: -0.051864851266145706
  turning_rate: 0.16729871928691864
  wheel_0_contact: 0.10566999763250351
  wheel_1_contact: -0.12736177444458008
  wheel_2_contact: -0.04159734398126602
  wheel_3_contact: -0.03526969626545906
  angular_vel_x: 0.10392727702856064
  angular_vel_y: -0.028416592627763748
  angular_vel_z: -0.12422997504472733
  lookahead_10_lat: 0.09439653903245926
  lookahead_10_yaw: 0.0414239838719368
  lookahead_25_lat: -0.004812952131032944
  lookahead_25_yaw: 0.12116598337888718
  lookahead_50_lat: 0.06422007083892822
  lookahead_50_yaw: 0.005271594505757093
  lidar_0: -0.010466382838785648
  lidar_1: 0.20690004527568817
  lidar_2: -0.10172732174396515
  lidar_3: -0.07163041085004807
  lidar_4: 0.019746484234929085
  lidar_5: 0.27018946409225464
  lidar_6: 0.0235267523676157
  lidar_7: 0.21439063549041748
