steer_weights:
  speed_ms: -0.28487545251846313
  lateral_offset_m: -0.4866882264614105
  vertical_offset_m: 1.3649842739105225
  yaw_error_rad: 0.165460467338562
  pitch_rad: -1.1929662227630615
  roll_rad: 0.6430676579475403
  track_progress: 0.5079290270805359
  turning_rate: 0.35531172156333923
  wheel_0_contact: 0.6811389327049255
  wheel_1_contact: -1.7909690141677856
  wheel_2_contact: 0.09616818279027939
  wheel_3_contact: 0.6172471046447754
  angular_vel_x: -0.8446816802024841
  angular_vel_y: 1.4914647340774536
  angular_vel_z: -1.4354835748672485
accel_weights:
  speed_ms: -0.25455018877983093
  lateral_offset_m: 0.014529877342283726
  vertical_offset_m: 0.6293942332267761
  yaw_error_rad: -0.11218017339706421
  pitch_rad: 0.15918737649917603
  roll_rad: -0.18116319179534912
  track_progress: 1.1080328226089478
  turning_rate: 0.6530641317367554
  wheel_0_contact: 0.6195100545883179
  wheel_1_contact: 0.6235398054122925
  wheel_2_contact: -0.036519479006528854
  wheel_3_contact: -1.5754592418670654
  angular_vel_x: -1.9723800420761108
  angular_vel_y: 0.2778632640838623
  angular_vel_z: 0.31998276710510254
brake_weights:
  speed_ms: 0.25455018877983093
  lateral_offset_m: -0.014529877342283726
  vertical_offset_m: -0.6293942332267761
  yaw_error_rad: 0.11218017339706421
  pitch_rad: -0.15918737649917603
  roll_rad: 0.18116319179534912
  track_progress: -1.1080328226089478
  turning_rate: -0.6530641317367554
  wheel_0_contact: -0.6195100545883179
  wheel_1_contact: -0.6235398054122925
  wheel_2_contact: 0.036519479006528854
  wheel_3_contact: 1.5754592418670654
  angular_vel_x: 1.9723800420761108
  angular_vel_y: -0.2778632640838623
  angular_vel_z: -0.31998276710510254
